0.429000
0.480000
0.508000
0.463000
0.503000
0.485000
0.483000
0.443000
0.497000
0.463000
0.543000
0.575000
0.545000
0.641000
0.563000
0.622000
0.627000
0.591000
0.488000
0.569000
0.489000
0.480000
0.496000
0.558000
0.500000
0.480000
0.549000
0.595000
0.467000
0.528000
0.472000
0.515000
0.473000
0.511000
0.514000
0.470000
0.500000
0.467000
0.496000
0.467000
0.523000
0.503000
0.499000
0.531000
0.482000
0.527000
0.490000
0.508000
0.442000
0.507000
0.520000
0.529000
0.523000
0.470000
0.521000
0.476000
0.526000
0.507000
0.481000
0.519000
0.517000
0.500000
0.444000
0.492000
0.461000
0.490000
0.499000
0.491000
0.497000
0.477000
0.492000
0.457000
0.501000
0.461000
0.503000
0.500000
0.487000
0.500000
0.480000
0.511000
0.478000
0.502000
0.448000
0.499000
0.519000
0.494000
0.550000
0.530000
0.559000
0.476000
0.486000
0.590000
0.546000
0.626000
0.563000
0.519000
0.545000
0.478000
0.510000
0.499000
