0.282000
0.344000
0.315000
0.351000
0.341000
0.293000
0.354000
0.320000
0.349000
0.338000
0.298000
0.336000
0.320000
0.345000
0.332000
0.318000
0.351000
0.342000
0.344000
0.346000
0.311000
0.342000
0.330000
0.342000
0.364000
0.325000
0.372000
0.324000
0.352000
0.337000
0.294000
0.352000
0.318000
0.332000
0.358000
0.312000
0.372000
0.326000
0.364000
0.358000
0.311000
0.339000
0.323000
0.353000
0.347000
0.291000
0.345000
0.322000
0.336000
0.340000
0.303000
0.348000
0.341000
0.347000
0.335000
0.290000
0.351000
0.336000
0.335000
0.354000
0.291000
0.340000
0.359000
0.348000
0.342000
0.338000
0.349000
0.369000
0.359000
0.357000
0.358000
0.385000
0.317000
0.357000
0.366000
0.381000
0.354000
0.350000
0.387000
0.377000
0.371000
0.328000
0.350000
0.369000
0.383000
0.386000
0.382000
0.392000
0.366000
0.363000
0.487000
0.499000
0.329000
0.348000
0.363000
0.357000
0.357000
0.326000
0.344000
0.375000
