0.266000
0.314000
0.284000
0.319000
0.314000
0.320000
0.307000
0.294000
0.317000
0.314000
0.276000
0.311000
0.312000
0.263000
0.314000
0.298000
0.353000
0.335000
0.309000
0.301000
0.314000
0.264000
0.344000
0.299000
0.315000
0.307000
0.301000
0.303000
0.327000
0.267000
0.318000
0.304000
0.299000
0.313000
0.285000
0.312000
0.306000
0.279000
0.309000
0.303000
0.268000
0.341000
0.351000
0.331000
0.321000
0.282000
0.329000
0.318000
0.262000
0.308000
0.299000
0.262000
0.314000
0.316000
0.299000
0.309000
0.271000
0.306000
0.341000
0.273000
0.314000
0.322000
0.323000
0.314000
0.291000
0.314000
0.306000
0.265000
0.305000
0.320000
0.250000
0.306000
0.318000
0.343000
0.298000
0.288000
0.309000
0.304000
0.267000
0.299000
0.301000
0.254000
0.307000
0.307000
0.250000
0.304000
0.303000
0.303000
0.306000
0.287000
0.300000
0.300000
0.297000
0.302000
0.327000
0.253000
0.299000
0.307000
0.300000
0.296000
