0.228000
0.281000
0.278000
0.258000
0.283000
0.283000
0.256000
0.279000
0.285000
0.279000
0.282000
0.273000
0.253000
0.310000
0.287000
0.266000
0.315000
0.293000
0.260000
0.320000
0.294000
0.312000
0.302000
0.255000
0.283000
0.284000
0.294000
0.317000
0.307000
0.352000
0.319000
0.274000
0.286000
0.309000
0.271000
0.297000
0.299000
0.269000
0.322000
0.319000
0.293000
0.312000
0.262000
0.273000
0.292000
0.262000
0.302000
0.297000
0.272000
0.311000
0.325000
0.280000
0.325000
0.297000
0.294000
0.288000
0.253000
0.274000
0.285000
0.255000
0.283000
0.288000
0.277000
0.291000
0.298000
0.251000
0.317000
0.286000
0.239000
0.314000
0.312000
0.256000
0.299000
0.437000
0.378000
0.360000
0.320000
0.290000
0.286000
0.284000
0.290000
0.318000
0.291000
0.314000
0.290000
0.293000
0.259000
0.307000
0.302000
0.274000
0.295000
0.306000
0.341000
0.303000
0.302000
0.291000
0.288000
0.298000
0.294000
0.296000
