       500
Normal fcc (001) cell. Boxsize      18.1000     18.1000     18.1000
Cu  -9.0499997      -9.0499997      -9.0499997                  1
Cu  -7.2399998      -7.2399998      -9.0499997                  1
Cu  -7.2399998      -9.0499997      -7.2399998                  1
Cu  -9.0499997      -7.2399998      -7.2399998                  1
Cu  -9.0499997      -9.0499997      -5.4299998                  1
Cu  -7.2399998      -7.2399998      -5.4299998                  1
Cu  -7.2399998      -9.0499997      -3.6199999                  1
Cu  -9.0499997      -7.2399998      -3.6199999                  1
Cu  -9.0499997      -9.0499997      -1.8099999                  1
Cu  -7.2399998      -7.2399998      -1.8099999                  1
Cu  -7.2399998      -9.0499997       0.0000000                  1
Cu  -9.0499997      -7.2399998       0.0000000                  1
Cu  -9.0499997      -9.0499997       1.8099999                  1
Cu  -7.2399998      -7.2399998       1.8099999                  1
Cu  -7.2399998      -9.0499997       3.6199999                  1
Cu  -9.0499997      -7.2399998       3.6199999                  1
Cu  -9.0499997      -9.0499997       5.4299998                  1
Cu  -7.2399998      -7.2399998       5.4299998                  1
Cu  -7.2399998      -9.0499997       7.2399998                  1
Cu  -9.0499997      -7.2399998       7.2399998                  1
Cu  -9.0499997      -5.4299998      -9.0499997                  1
Cu  -7.2399998      -3.6199999      -9.0499997                  1
Cu  -7.2399998      -5.4299998      -7.2399998                  1
Cu  -9.0499997      -3.6199999      -7.2399998                  1
Cu  -9.0499997      -5.4299998      -5.4299998                  1
Cu  -7.2399998      -3.6199999      -5.4299998                  1
Cu  -7.2399998      -5.4299998      -3.6199999                  1
Cu  -9.0499997      -3.6199999      -3.6199999                  1
Cu  -9.0499997      -5.4299998      -1.8099999                  1
Cu  -7.2399998      -3.6199999      -1.8099999                  1
Cu  -7.2399998      -5.4299998       0.0000000                  1
Cu  -9.0499997      -3.6199999       0.0000000                  1
Cu  -9.0499997      -5.4299998       1.8099999                  1
Cu  -7.2399998      -3.6199999       1.8099999                  1
Cu  -7.2399998      -5.4299998       3.6199999                  1
Cu  -9.0499997      -3.6199999       3.6199999                  1
Cu  -9.0499997      -5.4299998       5.4299998                  1
Cu  -7.2399998      -3.6199999       5.4299998                  1
Cu  -7.2399998      -5.4299998       7.2399998                  1
Cu  -9.0499997      -3.6199999       7.2399998                  1
Cu  -9.0499997      -1.8099999      -9.0499997                  1
Cu  -7.2399998       0.0000000      -9.0499997                  1
Cu  -7.2399998      -1.8099999      -7.2399998                  1
Cu  -9.0499997       0.0000000      -7.2399998                  1
Cu  -9.0499997      -1.8099999      -5.4299998                  1
Cu  -7.2399998       0.0000000      -5.4299998                  1
Cu  -7.2399998      -1.8099999      -3.6199999                  1
Cu  -9.0499997       0.0000000      -3.6199999                  1
Cu  -9.0499997      -1.8099999      -1.8099999                  1
Cu  -7.2399998       0.0000000      -1.8099999                  1
Cu  -7.2399998      -1.8099999       0.0000000                  1
Cu  -9.0499997       0.0000000       0.0000000                  1
Cu  -9.0499997      -1.8099999       1.8099999                  1
Cu  -7.2399998       0.0000000       1.8099999                  1
Cu  -7.2399998      -1.8099999       3.6199999                  1
Cu  -9.0499997       0.0000000       3.6199999                  1
Cu  -9.0499997      -1.8099999       5.4299998                  1
Cu  -7.2399998       0.0000000       5.4299998                  1
Cu  -7.2399998      -1.8099999       7.2399998                  1
Cu  -9.0499997       0.0000000       7.2399998                  1
Cu  -9.0499997       1.8099999      -9.0499997                  1
Cu  -7.2399998       3.6199999      -9.0499997                  1
Cu  -7.2399998       1.8099999      -7.2399998                  1
Cu  -9.0499997       3.6199999      -7.2399998                  1
Cu  -9.0499997       1.8099999      -5.4299998                  1
Cu  -7.2399998       3.6199999      -5.4299998                  1
Cu  -7.2399998       1.8099999      -3.6199999                  1
Cu  -9.0499997       3.6199999      -3.6199999                  1
Cu  -9.0499997       1.8099999      -1.8099999                  1
Cu  -7.2399998       3.6199999      -1.8099999                  1
Cu  -7.2399998       1.8099999       0.0000000                  1
Cu  -9.0499997       3.6199999       0.0000000                  1
Cu  -9.0499997       1.8099999       1.8099999                  1
Cu  -7.2399998       3.6199999       1.8099999                  1
Cu  -7.2399998       1.8099999       3.6199999                  1
Cu  -9.0499997       3.6199999       3.6199999                  1
Cu  -9.0499997       1.8099999       5.4299998                  1
Cu  -7.2399998       3.6199999       5.4299998                  1
Cu  -7.2399998       1.8099999       7.2399998                  1
Cu  -9.0499997       3.6199999       7.2399998                  1
Cu  -9.0499997       5.4299998      -9.0499997                  1
Cu  -7.2399998       7.2399998      -9.0499997                  1
Cu  -7.2399998       5.4299998      -7.2399998                  1
Cu  -9.0499997       7.2399998      -7.2399998                  1
Cu  -9.0499997       5.4299998      -5.4299998                  1
Cu  -7.2399998       7.2399998      -5.4299998                  1
Cu  -7.2399998       5.4299998      -3.6199999                  1
Cu  -9.0499997       7.2399998      -3.6199999                  1
Cu  -9.0499997       5.4299998      -1.8099999                  1
Cu  -7.2399998       7.2399998      -1.8099999                  1
Cu  -7.2399998       5.4299998       0.0000000                  1
Cu  -9.0499997       7.2399998       0.0000000                  1
Cu  -9.0499997       5.4299998       1.8099999                  1
Cu  -7.2399998       7.2399998       1.8099999                  1
Cu  -7.2399998       5.4299998       3.6199999                  1
Cu  -9.0499997       7.2399998       3.6199999                  1
Cu  -9.0499997       5.4299998       5.4299998                  1
Cu  -7.2399998       7.2399998       5.4299998                  1
Cu  -7.2399998       5.4299998       7.2399998                  1
Cu  -9.0499997       7.2399998       7.2399998                  1
Cu  -5.4299998      -9.0499997      -9.0499997                  1
Cu  -3.6199999      -7.2399998      -9.0499997                  1
Cu  -3.6199999      -9.0499997      -7.2399998                  1
Cu  -5.4299998      -7.2399998      -7.2399998                  1
Cu  -5.4299998      -9.0499997      -5.4299998                  1
Cu  -3.6199999      -7.2399998      -5.4299998                  1
Cu  -3.6199999      -9.0499997      -3.6199999                  1
Cu  -5.4299998      -7.2399998      -3.6199999                  1
Cu  -5.4299998      -9.0499997      -1.8099999                  1
Cu  -3.6199999      -7.2399998      -1.8099999                  1
Cu  -3.6199999      -9.0499997       0.0000000                  1
Cu  -5.4299998      -7.2399998       0.0000000                  1
Cu  -5.4299998      -9.0499997       1.8099999                  1
Cu  -3.6199999      -7.2399998       1.8099999                  1
Cu  -3.6199999      -9.0499997       3.6199999                  1
Cu  -5.4299998      -7.2399998       3.6199999                  1
Cu  -5.4299998      -9.0499997       5.4299998                  1
Cu  -3.6199999      -7.2399998       5.4299998                  1
Cu  -3.6199999      -9.0499997       7.2399998                  1
Cu  -5.4299998      -7.2399998       7.2399998                  1
Cu  -5.4299998      -5.4299998      -9.0499997                  1
Cu  -3.6199999      -3.6199999      -9.0499997                  1
Cu  -3.6199999      -5.4299998      -7.2399998                  1
Cu  -5.4299998      -3.6199999      -7.2399998                  1
Cu  -5.4299998      -5.4299998      -5.4299998                  1
Cu  -3.6199999      -3.6199999      -5.4299998                  1
Cu  -3.6199999      -5.4299998      -3.6199999                  1
Cu  -5.4299998      -3.6199999      -3.6199999                  1
Cu  -5.4299998      -5.4299998      -1.8099999                  1
Cu  -3.6199999      -3.6199999      -1.8099999                  1
Cu  -3.6199999      -5.4299998       0.0000000                  1
Cu  -5.4299998      -3.6199999       0.0000000                  1
Cu  -5.4299998      -5.4299998       1.8099999                  1
Cu  -3.6199999      -3.6199999       1.8099999                  1
Cu  -3.6199999      -5.4299998       3.6199999                  1
Cu  -5.4299998      -3.6199999       3.6199999                  1
Cu  -5.4299998      -5.4299998       5.4299998                  1
Cu  -3.6199999      -3.6199999       5.4299998                  1
Cu  -3.6199999      -5.4299998       7.2399998                  1
Cu  -5.4299998      -3.6199999       7.2399998                  1
Cu  -5.4299998      -1.8099999      -9.0499997                  1
Cu  -3.6199999       0.0000000      -9.0499997                  1
Cu  -3.6199999      -1.8099999      -7.2399998                  1
Cu  -5.4299998       0.0000000      -7.2399998                  1
Cu  -5.4299998      -1.8099999      -5.4299998                  1
Cu  -3.6199999       0.0000000      -5.4299998                  1
Cu  -3.6199999      -1.8099999      -3.6199999                  1
Cu  -5.4299998       0.0000000      -3.6199999                  1
Cu  -5.4299998      -1.8099999      -1.8099999                  1
Cu  -3.6199999       0.0000000      -1.8099999                  1
Cu  -3.6199999      -1.8099999       0.0000000                  1
Cu  -5.4299998       0.0000000       0.0000000                  1
Cu  -5.4299998      -1.8099999       1.8099999                  1
Cu  -3.6199999       0.0000000       1.8099999                  1
Cu  -3.6199999      -1.8099999       3.6199999                  1
Cu  -5.4299998       0.0000000       3.6199999                  1
Cu  -5.4299998      -1.8099999       5.4299998                  1
Cu  -3.6199999       0.0000000       5.4299998                  1
Cu  -3.6199999      -1.8099999       7.2399998                  1
Cu  -5.4299998       0.0000000       7.2399998                  1
Cu  -5.4299998       1.8099999      -9.0499997                  1
Cu  -3.6199999       3.6199999      -9.0499997                  1
Cu  -3.6199999       1.8099999      -7.2399998                  1
Cu  -5.4299998       3.6199999      -7.2399998                  1
Cu  -5.4299998       1.8099999      -5.4299998                  1
Cu  -3.6199999       3.6199999      -5.4299998                  1
Cu  -3.6199999       1.8099999      -3.6199999                  1
Cu  -5.4299998       3.6199999      -3.6199999                  1
Cu  -5.4299998       1.8099999      -1.8099999                  1
Cu  -3.6199999       3.6199999      -1.8099999                  1
Cu  -3.6199999       1.8099999       0.0000000                  1
Cu  -5.4299998       3.6199999       0.0000000                  1
Cu  -5.4299998       1.8099999       1.8099999                  1
Cu  -3.6199999       3.6199999       1.8099999                  1
Cu  -3.6199999       1.8099999       3.6199999                  1
Cu  -5.4299998       3.6199999       3.6199999                  1
Cu  -5.4299998       1.8099999       5.4299998                  1
Cu  -3.6199999       3.6199999       5.4299998                  1
Cu  -3.6199999       1.8099999       7.2399998                  1
Cu  -5.4299998       3.6199999       7.2399998                  1
Cu  -5.4299998       5.4299998      -9.0499997                  1
Cu  -3.6199999       7.2399998      -9.0499997                  1
Cu  -3.6199999       5.4299998      -7.2399998                  1
Cu  -5.4299998       7.2399998      -7.2399998                  1
Cu  -5.4299998       5.4299998      -5.4299998                  1
Cu  -3.6199999       7.2399998      -5.4299998                  1
Cu  -3.6199999       5.4299998      -3.6199999                  1
Cu  -5.4299998       7.2399998      -3.6199999                  1
Cu  -5.4299998       5.4299998      -1.8099999                  1
Cu  -3.6199999       7.2399998      -1.8099999                  1
Cu  -3.6199999       5.4299998       0.0000000                  1
Cu  -5.4299998       7.2399998       0.0000000                  1
Cu  -5.4299998       5.4299998       1.8099999                  1
Cu  -3.6199999       7.2399998       1.8099999                  1
Cu  -3.6199999       5.4299998       3.6199999                  1
Cu  -5.4299998       7.2399998       3.6199999                  1
Cu  -5.4299998       5.4299998       5.4299998                  1
Cu  -3.6199999       7.2399998       5.4299998                  1
Cu  -3.6199999       5.4299998       7.2399998                  1
Cu  -5.4299998       7.2399998       7.2399998                  1
Cu  -1.8099999      -9.0499997      -9.0499997                  1
Cu   0.0000000      -7.2399998      -9.0499997                  1
Cu   0.0000000      -9.0499997      -7.2399998                  1
Cu  -1.8099999      -7.2399998      -7.2399998                  1
Cu  -1.8099999      -9.0499997      -5.4299998                  1
Cu   0.0000000      -7.2399998      -5.4299998                  1
Cu   0.0000000      -9.0499997      -3.6199999                  1
Cu  -1.8099999      -7.2399998      -3.6199999                  1
Cu  -1.8099999      -9.0499997      -1.8099999                  1
Cu   0.0000000      -7.2399998      -1.8099999                  1
Cu   0.0000000      -9.0499997       0.0000000                  1
Cu  -1.8099999      -7.2399998       0.0000000                  1
Cu  -1.8099999      -9.0499997       1.8099999                  1
Cu   0.0000000      -7.2399998       1.8099999                  1
Cu   0.0000000      -9.0499997       3.6199999                  1
Cu  -1.8099999      -7.2399998       3.6199999                  1
Cu  -1.8099999      -9.0499997       5.4299998                  1
Cu   0.0000000      -7.2399998       5.4299998                  1
Cu   0.0000000      -9.0499997       7.2399998                  1
Cu  -1.8099999      -7.2399998       7.2399998                  1
Cu  -1.8099999      -5.4299998      -9.0499997                  1
Cu   0.0000000      -3.6199999      -9.0499997                  1
Cu   0.0000000      -5.4299998      -7.2399998                  1
Cu  -1.8099999      -3.6199999      -7.2399998                  1
Cu  -1.8099999      -5.4299998      -5.4299998                  1
Cu   0.0000000      -3.6199999      -5.4299998                  1
Cu   0.0000000      -5.4299998      -3.6199999                  1
Cu  -1.8099999      -3.6199999      -3.6199999                  1
Cu  -1.8099999      -5.4299998      -1.8099999                  1
Cu   0.0000000      -3.6199999      -1.8099999                  1
Cu   0.0000000      -5.4299998       0.0000000                  1
Cu  -1.8099999      -3.6199999       0.0000000                  1
Cu  -1.8099999      -5.4299998       1.8099999                  1
Cu   0.0000000      -3.6199999       1.8099999                  1
Cu   0.0000000      -5.4299998       3.6199999                  1
Cu  -1.8099999      -3.6199999       3.6199999                  1
Cu  -1.8099999      -5.4299998       5.4299998                  1
Cu   0.0000000      -3.6199999       5.4299998                  1
Cu   0.0000000      -5.4299998       7.2399998                  1
Cu  -1.8099999      -3.6199999       7.2399998                  1
Cu  -1.8099999      -1.8099999      -9.0499997                  1
Cu   0.0000000       0.0000000      -9.0499997                  1
Cu   0.0000000      -1.8099999      -7.2399998                  1
Cu  -1.8099999       0.0000000      -7.2399998                  1
Cu  -1.8099999      -1.8099999      -5.4299998                  1
Cu   0.0000000       0.0000000      -5.4299998                  1
Cu   0.0000000      -1.8099999      -3.6199999                  1
Cu  -1.8099999       0.0000000      -3.6199999                  1
Cu  -1.8099999      -1.8099999      -1.8099999                  1
Cu   0.0000000       0.0000000      -1.8099999                  1
Cu   0.0000000      -1.8099999       0.0000000                  1
Cu  -1.8099999       0.0000000       0.0000000                  1
Cu  -1.8099999      -1.8099999       1.8099999                  1
Cu   0.0000000       0.0000000       1.8099999                  1
Cu   0.0000000      -1.8099999       3.6199999                  1
Cu  -1.8099999       0.0000000       3.6199999                  1
Cu  -1.8099999      -1.8099999       5.4299998                  1
Cu   0.0000000       0.0000000       5.4299998                  1
Cu   0.0000000      -1.8099999       7.2399998                  1
Cu  -1.8099999       0.0000000       7.2399998                  1
Cu  -1.8099999       1.8099999      -9.0499997                  1
Cu   0.0000000       3.6199999      -9.0499997                  1
Cu   0.0000000       1.8099999      -7.2399998                  1
Cu  -1.8099999       3.6199999      -7.2399998                  1
Cu  -1.8099999       1.8099999      -5.4299998                  1
Cu   0.0000000       3.6199999      -5.4299998                  1
Cu   0.0000000       1.8099999      -3.6199999                  1
Cu  -1.8099999       3.6199999      -3.6199999                  1
Cu  -1.8099999       1.8099999      -1.8099999                  1
Cu   0.0000000       3.6199999      -1.8099999                  1
Cu   0.0000000       1.8099999       0.0000000                  1
Cu  -1.8099999       3.6199999       0.0000000                  1
Cu  -1.8099999       1.8099999       1.8099999                  1
Cu   0.0000000       3.6199999       1.8099999                  1
Cu   0.0000000       1.8099999       3.6199999                  1
Cu  -1.8099999       3.6199999       3.6199999                  1
Cu  -1.8099999       1.8099999       5.4299998                  1
Cu   0.0000000       3.6199999       5.4299998                  1
Cu   0.0000000       1.8099999       7.2399998                  1
Cu  -1.8099999       3.6199999       7.2399998                  1
Cu  -1.8099999       5.4299998      -9.0499997                  1
Cu   0.0000000       7.2399998      -9.0499997                  1
Cu   0.0000000       5.4299998      -7.2399998                  1
Cu  -1.8099999       7.2399998      -7.2399998                  1
Cu  -1.8099999       5.4299998      -5.4299998                  1
Cu   0.0000000       7.2399998      -5.4299998                  1
Cu   0.0000000       5.4299998      -3.6199999                  1
Cu  -1.8099999       7.2399998      -3.6199999                  1
Cu  -1.8099999       5.4299998      -1.8099999                  1
Cu   0.0000000       7.2399998      -1.8099999                  1
Cu   0.0000000       5.4299998       0.0000000                  1
Cu  -1.8099999       7.2399998       0.0000000                  1
Cu  -1.8099999       5.4299998       1.8099999                  1
Cu   0.0000000       7.2399998       1.8099999                  1
Cu   0.0000000       5.4299998       3.6199999                  1
Cu  -1.8099999       7.2399998       3.6199999                  1
Cu  -1.8099999       5.4299998       5.4299998                  1
Cu   0.0000000       7.2399998       5.4299998                  1
Cu   0.0000000       5.4299998       7.2399998                  1
Cu  -1.8099999       7.2399998       7.2399998                  1
Cu   1.8099999      -9.0499997      -9.0499997                  1
Cu   3.6199999      -7.2399998      -9.0499997                  1
Cu   3.6199999      -9.0499997      -7.2399998                  1
Cu   1.8099999      -7.2399998      -7.2399998                  1
Cu   1.8099999      -9.0499997      -5.4299998                  1
Cu   3.6199999      -7.2399998      -5.4299998                  1
Cu   3.6199999      -9.0499997      -3.6199999                  1
Cu   1.8099999      -7.2399998      -3.6199999                  1
Cu   1.8099999      -9.0499997      -1.8099999                  1
Cu   3.6199999      -7.2399998      -1.8099999                  1
Cu   3.6199999      -9.0499997       0.0000000                  1
Cu   1.8099999      -7.2399998       0.0000000                  1
Cu   1.8099999      -9.0499997       1.8099999                  1
Cu   3.6199999      -7.2399998       1.8099999                  1
Cu   3.6199999      -9.0499997       3.6199999                  1
Cu   1.8099999      -7.2399998       3.6199999                  1
Cu   1.8099999      -9.0499997       5.4299998                  1
Cu   3.6199999      -7.2399998       5.4299998                  1
Cu   3.6199999      -9.0499997       7.2399998                  1
Cu   1.8099999      -7.2399998       7.2399998                  1
Cu   1.8099999      -5.4299998      -9.0499997                  1
Cu   3.6199999      -3.6199999      -9.0499997                  1
Cu   3.6199999      -5.4299998      -7.2399998                  1
Cu   1.8099999      -3.6199999      -7.2399998                  1
Cu   1.8099999      -5.4299998      -5.4299998                  1
Cu   3.6199999      -3.6199999      -5.4299998                  1
Cu   3.6199999      -5.4299998      -3.6199999                  1
Cu   1.8099999      -3.6199999      -3.6199999                  1
Cu   1.8099999      -5.4299998      -1.8099999                  1
Cu   3.6199999      -3.6199999      -1.8099999                  1
Cu   3.6199999      -5.4299998       0.0000000                  1
Cu   1.8099999      -3.6199999       0.0000000                  1
Cu   1.8099999      -5.4299998       1.8099999                  1
Cu   3.6199999      -3.6199999       1.8099999                  1
Cu   3.6199999      -5.4299998       3.6199999                  1
Cu   1.8099999      -3.6199999       3.6199999                  1
Cu   1.8099999      -5.4299998       5.4299998                  1
Cu   3.6199999      -3.6199999       5.4299998                  1
Cu   3.6199999      -5.4299998       7.2399998                  1
Cu   1.8099999      -3.6199999       7.2399998                  1
Cu   1.8099999      -1.8099999      -9.0499997                  1
Cu   3.6199999       0.0000000      -9.0499997                  1
Cu   3.6199999      -1.8099999      -7.2399998                  1
Cu   1.8099999       0.0000000      -7.2399998                  1
Cu   1.8099999      -1.8099999      -5.4299998                  1
Cu   3.6199999       0.0000000      -5.4299998                  1
Cu   3.6199999      -1.8099999      -3.6199999                  1
Cu   1.8099999       0.0000000      -3.6199999                  1
Cu   1.8099999      -1.8099999      -1.8099999                  1
Cu   3.6199999       0.0000000      -1.8099999                  1
Cu   3.6199999      -1.8099999       0.0000000                  1
Cu   1.8099999       0.0000000       0.0000000                  1
Cu   1.8099999      -1.8099999       1.8099999                  1
Cu   3.6199999       0.0000000       1.8099999                  1
Cu   3.6199999      -1.8099999       3.6199999                  1
Cu   1.8099999       0.0000000       3.6199999                  1
Cu   1.8099999      -1.8099999       5.4299998                  1
Cu   3.6199999       0.0000000       5.4299998                  1
Cu   3.6199999      -1.8099999       7.2399998                  1
Cu   1.8099999       0.0000000       7.2399998                  1
Cu   1.8099999       1.8099999      -9.0499997                  1
Cu   3.6199999       3.6199999      -9.0499997                  1
Cu   3.6199999       1.8099999      -7.2399998                  1
Cu   1.8099999       3.6199999      -7.2399998                  1
Cu   1.8099999       1.8099999      -5.4299998                  1
Cu   3.6199999       3.6199999      -5.4299998                  1
Cu   3.6199999       1.8099999      -3.6199999                  1
Cu   1.8099999       3.6199999      -3.6199999                  1
Cu   1.8099999       1.8099999      -1.8099999                  1
Cu   3.6199999       3.6199999      -1.8099999                  1
Cu   3.6199999       1.8099999       0.0000000                  1
Cu   1.8099999       3.6199999       0.0000000                  1
Cu   1.8099999       1.8099999       1.8099999                  1
Cu   3.6199999       3.6199999       1.8099999                  1
Cu   3.6199999       1.8099999       3.6199999                  1
Cu   1.8099999       3.6199999       3.6199999                  1
Cu   1.8099999       1.8099999       5.4299998                  1
Cu   3.6199999       3.6199999       5.4299998                  1
Cu   3.6199999       1.8099999       7.2399998                  1
Cu   1.8099999       3.6199999       7.2399998                  1
Cu   1.8099999       5.4299998      -9.0499997                  1
Cu   3.6199999       7.2399998      -9.0499997                  1
Cu   3.6199999       5.4299998      -7.2399998                  1
Cu   1.8099999       7.2399998      -7.2399998                  1
Cu   1.8099999       5.4299998      -5.4299998                  1
Cu   3.6199999       7.2399998      -5.4299998                  1
Cu   3.6199999       5.4299998      -3.6199999                  1
Cu   1.8099999       7.2399998      -3.6199999                  1
Cu   1.8099999       5.4299998      -1.8099999                  1
Cu   3.6199999       7.2399998      -1.8099999                  1
Cu   3.6199999       5.4299998       0.0000000                  1
Cu   1.8099999       7.2399998       0.0000000                  1
Cu   1.8099999       5.4299998       1.8099999                  1
Cu   3.6199999       7.2399998       1.8099999                  1
Cu   3.6199999       5.4299998       3.6199999                  1
Cu   1.8099999       7.2399998       3.6199999                  1
Cu   1.8099999       5.4299998       5.4299998                  1
Cu   3.6199999       7.2399998       5.4299998                  1
Cu   3.6199999       5.4299998       7.2399998                  1
Cu   1.8099999       7.2399998       7.2399998                  1
Cu   5.4299998      -9.0499997      -9.0499997                  1
Cu   7.2399998      -7.2399998      -9.0499997                  1
Cu   7.2399998      -9.0499997      -7.2399998                  1
Cu   5.4299998      -7.2399998      -7.2399998                  1
Cu   5.4299998      -9.0499997      -5.4299998                  1
Cu   7.2399998      -7.2399998      -5.4299998                  1
Cu   7.2399998      -9.0499997      -3.6199999                  1
Cu   5.4299998      -7.2399998      -3.6199999                  1
Cu   5.4299998      -9.0499997      -1.8099999                  1
Cu   7.2399998      -7.2399998      -1.8099999                  1
Cu   7.2399998      -9.0499997       0.0000000                  1
Cu   5.4299998      -7.2399998       0.0000000                  1
Cu   5.4299998      -9.0499997       1.8099999                  1
Cu   7.2399998      -7.2399998       1.8099999                  1
Cu   7.2399998      -9.0499997       3.6199999                  1
Cu   5.4299998      -7.2399998       3.6199999                  1
Cu   5.4299998      -9.0499997       5.4299998                  1
Cu   7.2399998      -7.2399998       5.4299998                  1
Cu   7.2399998      -9.0499997       7.2399998                  1
Cu   5.4299998      -7.2399998       7.2399998                  1
Cu   5.4299998      -5.4299998      -9.0499997                  1
Cu   7.2399998      -3.6199999      -9.0499997                  1
Cu   7.2399998      -5.4299998      -7.2399998                  1
Cu   5.4299998      -3.6199999      -7.2399998                  1
Cu   5.4299998      -5.4299998      -5.4299998                  1
Cu   7.2399998      -3.6199999      -5.4299998                  1
Cu   7.2399998      -5.4299998      -3.6199999                  1
Cu   5.4299998      -3.6199999      -3.6199999                  1
Cu   5.4299998      -5.4299998      -1.8099999                  1
Cu   7.2399998      -3.6199999      -1.8099999                  1
Cu   7.2399998      -5.4299998       0.0000000                  1
Cu   5.4299998      -3.6199999       0.0000000                  1
Cu   5.4299998      -5.4299998       1.8099999                  1
Cu   7.2399998      -3.6199999       1.8099999                  1
Cu   7.2399998      -5.4299998       3.6199999                  1
Cu   5.4299998      -3.6199999       3.6199999                  1
Cu   5.4299998      -5.4299998       5.4299998                  1
Cu   7.2399998      -3.6199999       5.4299998                  1
Cu   7.2399998      -5.4299998       7.2399998                  1
Cu   5.4299998      -3.6199999       7.2399998                  1
Cu   5.4299998      -1.8099999      -9.0499997                  1
Cu   7.2399998       0.0000000      -9.0499997                  1
Cu   7.2399998      -1.8099999      -7.2399998                  1
Cu   5.4299998       0.0000000      -7.2399998                  1
Cu   5.4299998      -1.8099999      -5.4299998                  1
Cu   7.2399998       0.0000000      -5.4299998                  1
Cu   7.2399998      -1.8099999      -3.6199999                  1
Cu   5.4299998       0.0000000      -3.6199999                  1
Cu   5.4299998      -1.8099999      -1.8099999                  1
Cu   7.2399998       0.0000000      -1.8099999                  1
Cu   7.2399998      -1.8099999       0.0000000                  1
Cu   5.4299998       0.0000000       0.0000000                  1
Cu   5.4299998      -1.8099999       1.8099999                  1
Cu   7.2399998       0.0000000       1.8099999                  1
Cu   7.2399998      -1.8099999       3.6199999                  1
Cu   5.4299998       0.0000000       3.6199999                  1
Cu   5.4299998      -1.8099999       5.4299998                  1
Cu   7.2399998       0.0000000       5.4299998                  1
Cu   7.2399998      -1.8099999       7.2399998                  1
Cu   5.4299998       0.0000000       7.2399998                  1
Cu   5.4299998       1.8099999      -9.0499997                  1
Cu   7.2399998       3.6199999      -9.0499997                  1
Cu   7.2399998       1.8099999      -7.2399998                  1
Cu   5.4299998       3.6199999      -7.2399998                  1
Cu   5.4299998       1.8099999      -5.4299998                  1
Cu   7.2399998       3.6199999      -5.4299998                  1
Cu   7.2399998       1.8099999      -3.6199999                  1
Cu   5.4299998       3.6199999      -3.6199999                  1
Cu   5.4299998       1.8099999      -1.8099999                  1
Cu   7.2399998       3.6199999      -1.8099999                  1
Cu   7.2399998       1.8099999       0.0000000                  1
Cu   5.4299998       3.6199999       0.0000000                  1
Cu   5.4299998       1.8099999       1.8099999                  1
Cu   7.2399998       3.6199999       1.8099999                  1
Cu   7.2399998       1.8099999       3.6199999                  1
Cu   5.4299998       3.6199999       3.6199999                  1
Cu   5.4299998       1.8099999       5.4299998                  1
Cu   7.2399998       3.6199999       5.4299998                  1
Cu   7.2399998       1.8099999       7.2399998                  1
Cu   5.4299998       3.6199999       7.2399998                  1
Cu   5.4299998       5.4299998      -9.0499997                  1
Cu   7.2399998       7.2399998      -9.0499997                  1
Cu   7.2399998       5.4299998      -7.2399998                  1
Cu   5.4299998       7.2399998      -7.2399998                  1
Cu   5.4299998       5.4299998      -5.4299998                  1
Cu   7.2399998       7.2399998      -5.4299998                  1
Cu   7.2399998       5.4299998      -3.6199999                  1
Cu   5.4299998       7.2399998      -3.6199999                  1
Cu   5.4299998       5.4299998      -1.8099999                  1
Cu   7.2399998       7.2399998      -1.8099999                  1
Cu   7.2399998       5.4299998       0.0000000                  1
Cu   5.4299998       7.2399998       0.0000000                  1
Cu   5.4299998       5.4299998       1.8099999                  1
Cu   7.2399998       7.2399998       1.8099999                  1
Cu   7.2399998       5.4299998       3.6199999                  1
Cu   5.4299998       7.2399998       3.6199999                  1
Cu   5.4299998       5.4299998       5.4299998                  1
Cu   7.2399998       7.2399998       5.4299998                  1
Cu   7.2399998       5.4299998       7.2399998                  1
Cu   5.4299998       7.2399998       7.2399998                  1
