2431.201 2413.298 2428.150 2412.973
2605.707 2605.547 2605.416 2605.285
2473.571 2468.498 2462.540 2425.245
2402.148 2400.002 2403.929 2400.003
2449.097 2446.108 2449.691 2444.490
2363.092 2436.982 2334.888 2619.713
2386.962 2323.723 2364.364 2279.677
2400.002 2400.008 2400.002 2400.010
2490.346 2294.018 2666.781 2320.900
2472.461 2481.012 2373.690 2559.527
2090.262 2026.881 1934.560 1976.457
2410.158 2412.710 2414.667 2411.142
2595.955 2361.767 2567.727 2363.119
2559.404 2238.794 2674.914 2311.238
2425.280 2400.036 2415.034 2400.077
2443.577 2403.446 2428.185 2404.578
2666.907 2663.814 2667.015 2662.200
1503.295 1371.163 1668.541 1659.092
1972.564 2010.615 2053.400 2069.840
2445.714 2408.175 2410.120 2412.822
2688.583 2688.727 2688.870 2689.002
2416.163 2358.988 2423.891 2392.813
1300.008 1300.002 1300.017 1300.009
2236.847 2169.133 2308.694 2236.991
2382.479 2280.583 2303.511 2180.408
1654.590 1503.245 1544.405 1585.047
2047.337 1973.370 2125.524 1979.106
2375.464 2519.710 2364.842 2546.558
1575.286 1571.326 1709.401 1582.230
2384.597 2282.666 2344.840 2273.049
1800.001 1800.025 1800.004 1800.049
2464.206 2359.940 2374.220 2465.032
2552.587 2243.536 2525.247 2241.054
2642.589 2561.413 2591.154 2535.294
2399.997 2400.005 2400.000 2400.009
2431.336 2444.720 2442.668 2431.532
2428.463 2403.740 2522.099 2401.412
2415.751 2419.165 2433.026 2409.736
2351.361 2387.378 2377.175 2403.266
2364.199 2371.023 2371.195 2371.288
1510.757 1573.085 1544.635 1595.312
1912.270 1912.404 1912.520 1912.592
2404.690 2403.948 2403.252 2405.006
2412.439 2299.231 2303.027 2299.200
2424.296 2633.411 2333.559 2519.153
2411.702 2408.361 2410.389 2406.867
2513.762 2535.068 2567.993 2610.078
2397.668 2578.345 2357.732 2571.080
2302.214 2302.171 2302.143 2302.121
891.244 889.166 866.334 864.292
1688.250 1705.111 1792.951 1619.019
2339.149 2381.575 2441.237 2297.503
2432.001 2386.962 2415.761 2386.609
2597.379 2864.733 2630.934 2678.268
2164.098 2138.873 2336.171 2274.755
2388.560 2376.178 2481.340 2378.544
939.925 920.257 911.350 864.417
2699.596 2699.624 2699.650 2699.651
2261.028 2134.438 2092.233 2200.387
2428.264 2434.163 2430.301 2439.242
2508.178 2263.870 2301.661 2220.499
2071.979 2071.860 2071.953 2072.044
2267.219 2782.594 2398.410 2740.038
2575.101 2389.033 2524.338 2275.145
2399.758 2386.829 2399.774 2395.083
2491.684 2499.831 2499.969 2497.815
2569.788 2569.837 2569.876 2569.906
2513.315 2513.433 2513.537 2513.644
2423.473 2415.395 2423.457 2417.786
2100.627 2097.318 2238.411 2227.552
2140.715 2530.080 2184.185 2636.220
2267.488 2234.408 2249.605 2313.853
2571.705 2532.948 2674.334 2559.838
2400.018 2400.000 2400.028 2400.000
2386.674 2391.870 2398.468 2386.373
2132.534 2132.276 2132.072 2131.877
2100.000 2099.999 2100.000 2100.001
994.623 1140.982 1130.419 1142.358
2527.834 2706.516 2564.626 2671.129
1538.883 1539.406 1539.059 1538.748
2369.204 2372.119 2373.165 2367.792
2710.176 2625.617 2685.111 2614.027
2393.212 2371.358 2396.626 2372.998
2308.533 2309.892 2409.117 2307.733
2300.037 2300.002 2300.019 2299.995
2331.094 2331.212 2331.349 2331.482
2160.063 2142.870 2158.537 2157.974
2372.172 2318.093 2372.285 2265.499
1739.255 1740.801 1741.555 1742.497
2447.701 2447.922 2448.106 2448.268
2184.669 2184.861 2184.974 2185.113
2389.213 2372.256 2370.040 2369.336
2502.246 2544.340 2504.992 2507.847
2300.009 2300.001 2300.002 2300.019
2221.659 2221.279 2220.961 2220.699
2481.551 2461.158 2459.304 2461.450
2399.999 2400.000 2400.001 2400.000
2442.488 2416.791 2287.394 2394.872
2269.698 2305.009 2533.055 2240.452
2397.949 2477.083 2369.166 2391.936
